1号线上海南站	ShanghaiSouthStation	295	730	121.42526593942343	31.156787398200063	162	455	5
1号线漕宝路	CaobaoRoad	290	694	121.43048047595644	31.17006858690777	169	426	22
1号线上海体育馆	ShanghaiIndoorStadium	362	675	121.43180926047782	31.18391279227594	171	397	22
1号线徐家汇	Xujiahui	394	654	121.43130711926877	31.19677780048881	171	369	22
1号线衡山路	HengshanRoad	419	630	121.4421337570205	31.206925822971538	186	348	22
1号线常熟路	ChangshuRoad	450	609	121.44450932907564	31.215588475752515	189	329	76
1号线陕西南路	SouthShanxiRoad	458	559	121.4534682554918	31.21671419012278	202	327	76
1号线黄陂南路	SouthHuangpiRoad	541	569	121.46875205516575	31.22478284421951	223	310	76
1号线人民广场	PeopleSquare	544	546	121.47106452490837	31.234816200705914	226	288	124
1号线新闸路	XinzhaRoad	483	521	121.46371101480472	31.240614349038232	216	276	124
1号线汉中路	HanzhongRoad	483	479	121.45431280006619	31.242531817974857	203	272	131
1号线上海火车站	ShanghaiRailwayStation	527	455	121.45132087992788	31.249276077257562	199	257	146
1号线中山北路	NorthZhongshanRoad	489	420	121.45456118492933	31.261028953426532	203	232	194
1号线延长路	YanchangRoad	522	397	121.45087545104845	31.27372492396368	198	205	228
1号线上海马戏城	ShanghaiCircusWorld	500	372	121.44748622351555	31.281450232006094	193	189	264
1号线汶水路	WenshuiRoad	520	341	121.44556598180344	31.29436662726406	191	161	273
1号线彭浦新村	PengpuXincun	509	316	121.44406668331618	31.308489945826654	188	131	356
1号线共康路	GongkangRoad	519	287	121.44241837779776	31.320882733043064	186	105	422
1号线通河新村	TongheXincun	509	257	121.43675708356386	31.33328795340517	178	78	446
1号线呼兰路	HulanRoad	517	226	121.43313230492663	31.34145257359287	173	61	493
1号线共富新村	GongfuXincun	506	195	121.42938156677275	31.357045739894254	168	28	516
2号线虹桥火车站	HongqiaoRailwayStation	172	456	121.31697306376597	31.1959446598799	10	371	41
2号线虹桥2号航站楼	HongqiaoAirportTerminal2	191	440	121.322331030659	31.196194898341307	17	371	37
2号线淞虹路	SonghongRoad	214	476	121.35462161602244	31.220065376064593	63	320	67
2号线北新泾	Beixinjing	248	477	121.369412152028	31.21832365846867	84	323	68
2号线威宁路	WeiningRoad	273	477	121.38241011894094	31.216683951212893	102	327	66
2号线娄山关路	LoushanguanRoad	297	466	121.399620345093	31.21292957400133	126	335	69
2号线中山公园	ZhongshanPark	349	527	121.41096985518864	31.219833473113923	142	320	69
2号线江苏路	JiangsuRoad	396	507	121.42601942966188	31.22232834732047	163	315	69
2号线静安寺	JingAnTemple	405	555	121.44409024837965	31.224853407683714	188	309	76
2号线南京西路	WestNanjingRoad	482	537	121.45573424858419	31.231874475176465	205	294	102
2号线人民广场	PeopleSquare	544	547	121.47106452490837	31.234816200705914	226	288	124
2号线南京东路	EastNanjingRoad	616	564	121.48006432778017	31.240385421283687	239	276	132
2号线陆家嘴	Lujiazui	662	541	121.49777821009856	31.240023242059458	264	277	128
2号线东昌路	DongchangRoad	634	576	121.51102203660577	31.235407576740403	283	287	114
2号线世纪大道	CenturyAvenue	692	569	121.52256409254274	31.231011061368957	299	296	107
2号线上海科技馆	ShanghaiSTMuseum	725	643	121.53988343951734	31.221437347018316	323	317	70
2号线世纪公园	CenturyPark	739	677	121.54645896735737	31.211785521775845	332	337	70
2号线龙阳路	LongyangRoad	764	744	121.55342648236352	31.20416121851362	342	354	57
2号线张江高科	ZhangjiangHighTechnologyPark	752	780	121.58337725975761	31.204068106489796	384	354	44
2号线金科路	JinkeRoad	784	778	121.59780302447963	31.206390902487957	405	349	46
2号线广兰路	GuanglanRoad	812	779	121.61637174809265	31.213226638570234	431	334	72
2号线唐镇	Tangzhen	838	780	121.65187925126344	31.215866752479858	481	329	82
2号线创新中路	MiddleChuangxinRoad	865	780	121.66961853747327	31.215525210893773	506	329	80
2号线华夏东路	EastHuaxiaRoad	886	782	121.6765798393178	31.198920444289488	515	365	42
2号线川沙	Chuansha	922	769	121.6937150597731	31.18877606774163	539	386	36
2号线远东大道	YuandongAvenue	920	818	121.75121834070909	31.201500880268974	620	359	59
3号线上海南站	ShanghaiSouthStation	295	730	121.42526593942343	31.156787398200063	162	455	5
3号线石龙路	ShilongRoad	331	737	121.4386175492461	31.159866441801043	181	448	4
3号线龙漕路	LongcaoRoad	350	686	121.43977151031615	31.17129971743621	182	424	22
3号线漕溪路	CaoxiRoad	348	675	121.43372221850925	31.17852296718041	174	408	22
3号线宜山路	YishanRoad	349	632	121.42297960488195	31.186860482068354	159	390	30
3号线虹桥路	HongqiaoRoad	322	599	121.4176645019476	31.198497106694536	151	366	51
3号线延安西路	WestYanAnRoad	347	556	121.41245766016245	31.211603354577733	144	338	69
3号线中山公园	ZhongshanPark	349	527	121.41096985518864	31.219833473113923	142	320	69
3号线金沙江路	JinshajiangRoad	343	455	121.40783822955514	31.233045659635607	138	292	112
3号线曹杨路	CaoyangRoad	397	449	121.41298403158635	31.23980898984248	145	278	121
3号线镇坪路	ZhenpingRoad	418	433	121.42516976904301	31.248372558059714	162	259	161
3号线中潭路	ZhongtanRoad	460	434	121.4364292260186	31.256539321648876	178	242	188
3号线上海火车站	ShanghaiRailwayStation	527	455	121.45132087992788	31.249276077257562	199	257	146
3号线宝山路	BaoshanRoad	572	451	121.47197152394999	31.25354233040788	228	248	162
3号线东宝兴路	DongbaoxingRoad	606	410	121.47558600029869	31.261893257080366	233	230	204
3号线虹口足球场	HongkouFootballStadium	571	372	121.47460013448759	31.273600687829358	231	206	237
3号线赤峰路	ChifengRoad	587	354	121.47794517263952	31.283220578344327	236	185	237
3号线大柏树	Dabaishu	588	324	121.4785662857379	31.2912828804642	237	168	306
3号线江湾镇	JiangwanTown	588	292	121.48057974805482	31.30736935359213	240	134	358
3号线殷高西路	WestYingaoRoad	578	262	121.4803312856057	31.32177062634093	239	103	393
3号线长江南路	SouthChangjiangRoad	579	231	121.48710643808303	31.333956275030417	249	77	453
3号线淞发路	SongfaRoad	612	211	121.4960681801737	31.347148422474355	262	49	453
3号线张华浜	Zhanghuabang	634	189	121.49432771263766	31.359989681189315	259	21	514
4号线上海体育馆	ShanghaiIndoorStadium	362	675	121.43180926047782	31.18391279227594	171	397	22
4号线宜山路	YishanRoad	348	632	121.42297960488195	31.186860482068354	159	390	30
4号线虹桥路	HongqiaoRoad	323	582	121.4176645019476	31.198497106694536	151	366	51
4号线延安西路	WestYanAnRoad	348	556	121.41245766016245	31.211603354577733	144	338	69
4号线中山公园	ZhongshanPark	349	527	121.41096985518864	31.219833473113923	142	320	69
4号线金沙江路	JinshajiangRoad	343	455	121.40783822955514	31.233045659635607	138	292	112
4号线曹杨路	CaoyangRoad	397	451	121.41298403158635	31.23980898984248	145	278	121
4号线镇坪路	ZhenpingRoad	418	433	121.42516976904301	31.248372558059714	162	259	161
4号线中潭路	ZhongtanRoad	470	433	121.4364292260186	31.256539321648876	178	242	188
4号线上海火车站	ShanghaiRailwayStation	527	455	121.45132087992788	31.249276077257562	199	257	146
4号线宝山路	BaoshanRoad	571	452	121.47197152394999	31.25354233040788	228	248	162
4号线海伦路	HailunRoad	634	450	121.48505863048362	31.26043131744532	246	234	191
4号线临平路	LinpingRoad	682	464	121.49656070715227	31.262956223638778	262	228	191
4号线大连路	DalianRoad	698	501	121.50857798364457	31.260056368188465	279	234	157
4号线杨树浦路	YangshupuRoad	700	528	121.51300560972855	31.253967366146306	285	247	157
4号线浦东大道	PudongAvenue	699	554	121.51507037931593	31.24206705443039	288	273	128
4号线世纪大道	CenturyAvenue	692	569	121.52256409254274	31.231011061368957	299	296	107
4号线浦电路	PudianRoad4	692	655	121.52767102474974	31.225065640083237	306	309	71
4号线蓝村路	LancunRoad	680	677	121.52364450243371	31.213769127345554	300	333	71
4号线塘桥	Tangqiao	621	678	121.51440158112753	31.21170715908576	287	337	74
4号线南浦大桥	NanpuBridge	584	655	121.49529383443083	31.21068767566003	260	340	60
4号线西藏南路	SouthXizangRoad	529	678	121.48507279077626	31.203984571014367	246	354	60
4号线鲁班路	LubanRoad	522	676	121.4699374342084	31.200991157987794	225	360	22
4号线大木桥路	DamuqiaoRoad	479	677	121.45912706574406	31.196152809180813	210	371	22
4号线东安路	DongAnRoad	453	652	121.45035701602073	31.19270429250802	197	378	22
4号线上海体育场	ShanghaiStadium	414	669	121.43922995631718	31.187729627958337	182	389	22
6号线东方体育中心	OrientalSportsCenter	358	838	121.47597772617011	31.155543898816273	233	457	8
6号线灵岩南路	SouthLingyanRoad	484	841	121.4906437205321	31.15077161311265	254	467	2
6号线上南路	ShangnanRoad	531	840	121.50196506452659	31.151217441227825	270	466	2
6号线华夏西路	WestHuaxiaRoad	619	837	121.5102179399496	31.15194811368785	281	465	2
6号线高青路	GaoqingRoad	616	801	121.51135911938644	31.161600817166974	283	444	2
6号线东明路	DongmingRoad	622	771	121.50653675344583	31.17464052987405	276	416	2
6号线高科西路	WestGaokeRoad	608	747	121.50543115742323	31.187681029403144	275	389	33
6号线临沂新村	LinyiXincun	573	687	121.51215656921103	31.195270141676716	284	372	31
6号线上海儿童医学中心	ChildrenMedicalCenter	635	719	121.51890669583638	31.205627400536432	294	350	54
6号线蓝村路	LancunRoad	680	677	121.52364450243371	31.213769127345554	300	333	71
6号线浦电路	PudianRoad6	634	631	121.52459137420826	31.22216018955322	302	315	71
6号线世纪大道	CenturyAvenue	692	569	121.52256409254274	31.231011061368957	299	296	107
6号线源深体育中心	YuanshenStadium	721	598	121.5300812782474	31.235079541660895	309	288	115
6号线民生路	MinshengRoad	746	542	121.53918476650566	31.23801950465206	322	281	113
6号线北洋泾路	BeiyangjingRoad	773	531	121.54853463614488	31.24140016330128	335	274	113
6号线德平路	DepingRoad	803	543	121.5599081158129	31.24747391230543	351	261	148
6号线云山路	YunshanRoad	830	543	121.5686574190105	31.252567850377797	364	250	165
6号线金桥路	JinqiaoRoad	852	543	121.57769477628696	31.259330725898984	376	236	180
6号线博兴路	BoxingRoad	892	582	121.5827168969071	31.26618823963533	383	221	199
6号线五莲路	WulianRoad	891	543	121.58385086132589	31.274155660373445	385	204	199
6号线巨峰路	JufengRoad	889	501	121.58541402646632	31.2823780686344	387	187	247
6号线东靖路	DongjingRoad	893	453	121.5846399560828	31.29296322927297	386	164	299
6号线五洲大道	WuzhouAvenue	892	422	121.58514472606832	31.304788451746344	387	139	299
6号线洲海路	ZhouhaiRoad	892	387	121.58522180206324	31.31451738138595	387	118	377
6号线外高桥保税区南站	SouthWaigaoqiaoFreeTradeZone	911	353	121.59789943960854	31.32361374075553	405	99	410
6号线航津路	HangjinRoad	913	314	121.58979022879183	31.337541112954447	393	69	487
6号线外高桥保税区北站	NorthWaigaoqiaoFreeTradeZone	911	279	121.58272746414856	31.349977637860004	383	43	487
6号线港城路	GangchengRoad	911	252	121.57046381258577	31.355178104467388	366	32	499
7号线潘广路	PanguangRoad	390	122	121.35114844395643	31.366161486631082	58	8	535
7号线刘行	Liuhang	394	146	121.35771560048508	31.359480969759925	67	22	532
7号线顾村公园	GucunPark	377	171	121.36816214542235	31.346762247504426	82	50	509
7号线祁华路	QihuaRoad	391	195	121.36889630283964	31.324387316869192	83	97	370
7号线上海大学	ShanghaiUniversity	464	212	121.38390748496984	31.322445949583674	104	101	370
7号线南陈路	NanchenRoad	442	250	121.39385064578849	31.323306411291348	118	100	411
7号线上大路	ShangdaRoad	443	270	121.40360406865786	31.31740128734824	132	112	408
7号线场中路	ChangzhongRoad	443	295	121.40910629314719	31.30582970168128	139	137	348
7号线大场镇	DachangTown	443	319	121.41192909603136	31.29541914229576	143	159	286
7号线行知路	XingzhiRoad	445	347	121.41698713599538	31.286948148269893	150	177	285
7号线大华三路	DahuasanRoad	433	372	121.4184267018062	31.27594362541377	152	201	235
7号线新村路	XincunRoad	444	396	121.41784078358566	31.265892694998765	152	222	218
7号线岚皋路	LangaoRoad	429	414	121.41718346527144	31.25824839118447	151	238	189
7号线镇坪路	ZhenpingRoad	418	433	121.42516976904301	31.248372558059714	162	259	161
7号线长寿路	ChangshouRoad	454	479	121.43376476304807	31.242731234223644	174	271	129
7号线昌平路	ChangpingRoad	452	509	121.4376871455006	31.236011140178412	179	286	110
7号线静安寺	JingAnTemple	392	561	121.44409024837965	31.224853407683714	188	309	76
7号线常熟路	ChangshuRoad	450	609	121.44450932907564	31.215588475752515	189	329	76
7号线肇嘉浜路	ZhaojiabangRoad	456	654	121.44569262389867	31.200633425480046	191	361	22
7号线东安路	DongAnRoad	522	623	121.45035701602073	31.19270429250802	197	378	22
7号线龙华中路	MiddleLonghuaRoad	443	744	121.452367311866	31.187025075297324	200	390	22
7号线后滩	Houtan	473	744	121.46902048924659	31.173934343306193	224	418	10
7号线长清路	ChangqingRoad	502	744	121.48160366344342	31.17666181563114	241	412	10
7号线耀华路	YaohuaRoad	556	742	121.49009228762695	31.180500216005647	253	404	10
7号线云台路	YuntaiRoad	577	741	121.49623455542054	31.18420642564026	262	396	33
7号线高科西路	WestGaokeRoad	608	747	121.50543115742323	31.187681029403144	275	389	33
7号线杨高南路	SouthYanggaoRoad	650	747	121.52080236521373	31.189670451192757	296	384	31
7号线锦绣路	JinxiuRoad	685	748	121.53565136697755	31.18977546635646	317	384	39
7号线芳华路	FanghuaRoad	722	748	121.54578700554606	31.195419629463355	331	372	39
7号线龙阳路	LongyangRoad	765	745	121.55342648236352	31.20416121851362	342	354	57
7号线花木路	HuamuRoad	784	718	121.558563580827	31.213401715832763	349	334	70
8号线东方体育中心	OrientalSportsCenter	359	838	121.47597772617011	31.155543898816273	233	457	8
8号线杨思	Yangsi	468	801	121.48926253989103	31.1631047790132	252	441	10
8号线成山路	ChengshanRoad	543	801	121.49169956887317	31.172898598834088	255	420	10
8号线耀华路	YaohuaRoad	555	742	121.49009228762695	31.180500216005647	253	404	10
8号线中华艺术宫	ChinaArtMuseum	552	711	121.4896935702961	31.18773414461277	253	389	33
8号线西藏南路	SouthXizangRoad	529	678	121.48507279077626	31.203984571014367	246	354	60
8号线陆家浜路	LujiabangRoad	549	631	121.48162653576422	31.21370064753369	241	333	76
8号线老西门	Laoximen	552	596	121.47840496273373	31.22088327493774	237	318	90
8号线大世界	Dashijie	554	565	121.47477458636679	31.229271514386305	232	300	95
8号线人民广场	PeopleSquare	543	546	121.47106452490837	31.234816200705914	226	288	124
8号线曲阜路	QufuRoad	596	497	121.466954882467	31.24426561477027	221	268	132
8号线中兴路	ZhongxingRoad	551	419	121.4643711379314	31.25494974987907	217	245	162
8号线西藏北路	NorthXizangRoad	594	397	121.46420992982596	31.26531521798629	217	223	204
8号线虹口足球场	HongkouFootballStadium	571	372	121.47460013448759	31.273600687829358	231	206	237
8号线曲阳路	QuyangRoad	663	344	121.48600650906076	31.27844148239248	247	195	230
8号线四平路	SipingRoad	711	397	121.49680423270352	31.276959006599427	263	198	234
8号线鞍山新村	AnshanXincun	749	398	121.50509018458573	31.275289261984224	274	202	233
8号线江浦路	JiangpuRoad	804	389	121.51389183719294	31.277094329085347	287	198	239
8号线黄兴路	HuangxingRoad	830	354	121.52360856139123	31.280700090543068	300	190	270
8号线延吉中路	MiddleYanjiRoad	827	313	121.53063830154747	31.290735114940727	310	169	291
8号线黄兴公园	HuangxingPark	827	288	121.52888100119137	31.297973039474833	308	154	330
8号线翔殷路	XiangyinRoad	828	257	121.52766177764398	31.30708187801578	306	134	363
8号线嫩江路	NenjiangRoad	827	231	121.52773397052785	31.316984526103305	306	113	400
8号线市光路	ShiguangRoad	825	204	121.52770251592138	31.32455110096413	306	97	421
9号线中春路	ZhongchunRoad	155	673	121.33369980108485	31.151760369362297	33	465	6
9号线七宝	Qibao	182	672	121.34494567991263	31.157347767616148	49	453	6
9号线星中路	XingzhongRoad	212	673	121.36437811096796	31.160104282857628	76	447	6
9号线合川路	HechuanRoad	246	672	121.37994504434577	31.168506347420625	98	430	13
9号线漕河泾开发区	CaohejingHi-TeachPark	272	672	121.39290810242137	31.172320207818963	117	421	13
9号线桂林路	GuilinRoad	302	671	121.413886381365	31.176765502189166	146	412	30
9号线宜山路	YishanRoad	348	632	121.42297960488195	31.186860482068354	159	390	30
9号线徐家汇	Xujiahui	393	654	121.43130711926877	31.19677780048881	171	369	22
9号线肇嘉浜路	ZhaojiabangRoad	457	654	121.44569262389867	31.200633425480046	191	361	22
9号线嘉善路	JiashanRoad	454	631	121.45627502666534	31.20488051596719	206	352	22
9号线打浦桥	Dapuqiao	502	635	121.46437891909427	31.208073709969263	217	345	22
9号线马当路	MadangRoad	513	654	121.4726626556717	31.211336882267037	229	338	22
9号线陆家浜路	LujiabangRoad	549	631	121.48162653576422	31.21370064753369	241	333	76
9号线小南门	Xiaonanmen	609	604	121.49379936871863	31.219065113796386	258	322	87
9号线商城路	ShangchengRoad	651	608	121.51185696630978	31.232450592588563	284	293	114
9号线世纪大道	CenturyAvenue	692	569	121.52256409254274	31.231011061368957	299	296	107
9号线杨高中路	MiddleYanggaoRoad	748	615	121.5443281424565	31.229678097109307	329	299	88
10号线航中路	HangzhongRoad	154	602	121.35978450244109	31.171729253116027	70	423	13
10号线紫藤路	ZitengRoad	178	601	121.35978450244109	31.171729253116027	70	423	13
10号线龙柏新村	LongBaiXincun	206	598	121.36579227535897	31.179140176420447	78	407	13
10号线虹桥火车站	HongqiaoRailwayStation	171	457	121.31697306376597	31.1959446598799	10	371	41
10号线虹桥2号航站楼	HongqiaoAirportTerminal2	191	439	121.322331030659	31.196194898341307	17	371	37
10号线虹桥1号航站楼	HongqiaoAirportTerminal1	220	541	121.3428346282285	31.193350479042994	46	377	37
10号线上海动物园	ShanghaiZoo	234	561	121.36241390293165	31.192217093958238	74	379	37
10号线龙溪路	LongxiRoad	231	601	121.3752454157487	31.196117748187678	92	371	30
10号线水城路	ShuichengRoad	253	602	121.38721293184476	31.2012339091468	109	360	58
10号线伊犁路	YiliRoad	276	599	121.39947558474378	31.200606452723157	126	361	51
10号线宋园路	SongyuanRoad	301	599	121.40727974521043	31.198525703353102	137	366	51
10号线虹桥路	HongqiaoRoad	325	582	121.4176645019476	31.198497106694536	151	366	51
10号线交通大学	Jiaotonguniversity	379	577	121.43035800652983	31.204429992033404	169	353	51
10号线上海图书馆	ShanghaiLibrary	390	597	121.43975055512124	31.20998137223695	182	341	22
10号线陕西南路	SouthShanxiRoad	460	572	121.4534682554918	31.21671419012278	202	327	76
10号线新天地	Xintiandi	510	601	121.47075799095845	31.218337507328023	226	323	76
10号线老西门	Laoximen	551	596	121.47840496273373	31.22088327493774	237	318	90
10号线豫园	YuyuanGarden	617	603	121.48283016577234	31.230297959754974	243	298	95
10号线南京东路	EastNanjingRoad	617	563	121.48006432778017	31.240385421283687	239	276	132
10号线天潼路	TiantongRoad	599	498	121.4778035026325	31.24586336428528	236	265	132
10号线四川北路	NorthSichuanRoad	623	467	121.47972171589775	31.25395192162913	239	247	132
10号线海伦路	HaiLunRoad	635	451	121.4840684843817	31.261209071830468	245	232	196
10号线邮电新村	YoudianXincun	712	411	121.48982519975009	31.270546524073726	253	212	210
10号线四平路	SipingRoad	711	397	121.49680423270352	31.276959006599427	263	198	234
10号线同济大学	TongjiUniversity	718	359	121.5020691557891	31.284601349555302	270	182	277
10号线国权路	GuoquanRoad	738	326	121.50579216147943	31.29171587818642	275	167	313
10号线五角场	Wujiaochang	737	292	121.51026594598865	31.3001207733657	282	149	311
10号线江湾体育场	JiangwanStadium	737	261	121.50969303336122	31.305059908957475	281	138	368
10号线三门路	SanmenRoad	737	239	121.50372701831067	31.314978622582796	272	117	393
10号线殷高东路	EastYingaoRoad	737	210	121.50216366842531	31.324095422887904	270	98	432
10号线新江湾城	Xinjiangwancheng	738	184	121.5021655837019	31.330792244108434	270	84	441
11号线南翔	Nanxiang	225	249	121.31864598042343	31.299038254907707	12	151	342
11号线桃浦新村	TaopuXincun	229	274	121.34487379856505	31.283607105021996	49	184	240
11号线武威路	WuweiRoad	264	299	121.36015365345123	31.279097759377784	70	194	236
11号线祁连山路	QilianshanRoad	275	319	121.37124680926004	31.27344527104844	86	206	207
11号线李子园	Liziyuan	304	341	121.38532732962328	31.270862412269455	106	211	214
11号线上海西站	WestShanghaiRailwayStation	318	365	121.39671355578875	31.26454681929978	122	225	182
11号线真如	Zhenru	357	386	121.40262403542037	31.252342539113602	130	251	155
11号线枫桥路	FengqiaoRoad	350	410	121.40641031995402	31.243908072474284	136	269	121
11号线曹杨路	CaoyangRoad	397	450	121.41298403158635	31.23980898984248	145	278	121
11号线隆德路	LongdeRoad	399	480	121.41901481910985	31.232372046969438	153	293	112
11号线江苏路	JiangsuRoad	396	507	121.42601942966188	31.22232834732047	163	315	69
11号线交通大学	JiaoTongUniversity	379	577	121.4303258703268	31.204466080760554	169	353	51
11号线徐家汇	Xujiahui	393	654	121.43130711926877	31.19677780048881	171	369	22
11号线上海游泳馆	ShanghaiSwimmingCenter	395	684	121.43701055844465	31.181005411114175	179	403	22
11号线龙华	Longhua	398	727	121.4483022253686	31.17492932032335	194	416	22
11号线云锦路	YunjinRoad	399	762	121.45393868875973	31.168443387408736	202	430	18
11号线龙耀路	LongyaoRoad	395	794	121.45497764874969	31.16194524430972	204	444	4
11号线东方体育中心	OrientalSportsCenter	359	838	121.47597772617011	31.155543898816273	233	457	8
11号线浦三路	PusanRoad	590	878	121.53475101483578	31.153172920826208	316	462	2
11号线御桥	Yuqiao	728	879	121.56673759460477	31.160595955420654	361	446	15
11号线罗山路	LuoshanRoad	809	876	121.58901234259378	31.155573474439304	392	457	1
12号线曲阜路	QufuRoad	596	497	121.466954882467	31.24426561477027	221	268	132
12号线天潼路	TiantongRoad	599	498	121.4778035026325	31.24586336428528	236	265	132
12号线国际客运中心	InternationalCruiseTerminal	649	500	121.49375736523076	31.25221898670323	258	251	132
12号线提篮桥	TilanQiao	669	506	121.50224010269166	31.255587656298644	270	244	187
12号线大连路	DalianRoad	698	501	121.50857798364457	31.260056368188465	279	234	157
12号线江浦公园	JiangpuPark	722	501	121.51936414217197	31.26674659440553	294	220	221
12号线宁国路	NingguoRoad	744	501	121.52824239236168	31.270847850619095	307	211	227
12号线隆昌路	LongchangRoad	767	501	121.54011981648813	31.277263869706978	323	198	222
12号线爱国路	AiguoRoad	794	501	121.5487019475956	31.282173544122152	336	187	265
12号线复兴岛	FuxingIsland	827	501	121.5571894009999	31.283042912888448	347	185	269
12号线东陆路	DongluRoad	853	501	121.57458547218825	31.284706574827126	372	182	251
12号线巨峰路	JufengRoad	888	501	121.58541402646632	31.2823780686344	387	187	247
12号线杨高北路	NorthYanggaoRoad	935	501	121.59865203637015	31.282321514761882	406	187	272
12号线金京路	JinjingRoad	961	501	121.61140559862396	31.281964844174738	424	188	242
12号线申江路	ShenjiangRoad	991	501	121.62300699636805	31.28239858501619	440	187	242
12号线金海路	JinhaiRoad	1023	505	121.63440460187091	31.265355269456908	456	223	195
13号线金运路	JinyunRoad	224	371	121.3150720125905	31.242958564503446	7	271	150
13号线金沙江西路	WestJinshajiangRoad	249	350	121.33069236464056	31.243083859230357	29	271	93
13号线丰庄	Fengzhuang	272	380	121.35102084689424	31.24436517342245	58	268	93
13号线祁连山南路	SouthQilianshanRoad	297	350	121.36291564723003	31.23934612597655	74	279	93
13号线真北路	ZhengbeiRoad	309	434	121.37764592686729	31.234093140815624	95	290	119
13号线大渡河路	DaduheRoad	330	453	121.39049290426173	31.233624120007097	113	291	119
13号线金沙江路	JinshajiangRoad	343	455	121.40783822955514	31.233045659635607	138	292	112
13号线隆德路	LongdeRoad	399	490	121.41901481910985	31.232372046969438	153	293	112
13号线武宁路	WuningRoad	0	0	121.42556784071952	31.23584617866353	162	286	108
13号线长寿路	ChangshouRoad	454	479	121.43376476304807	31.242731234223644	174	271	129
16号线龙阳路	LongyangRoad	764	744	121.55342648236352	31.20416121851362	342	354	57
16号线华夏中路	MiddleHuaxiaRoad	0	0	121.57924742386685	31.1773002336204	378	411	27
16号线罗山路	LuoshanRoad	808	876	121.58901234259378	31.155573474439304	392	457	1
